35
50
10
-0.141251
-0.42951
0.141763
-0.540745
-0.295527
-0.0991153
0.0717702
-0.115529
-0.144056
-0.145758
-0.530167
-0.0524262
0.0849323
-0.486353
0.371082
0.488564
-0.153977
-0.192929
0.304756
-0.151081
0.422177
-0.144622
0.246345
-0.0436989
0.253853
0.446084
0.120583
0.309932
-0.373904
-0.111908
-0.00374874
0.320227
0.0859353
-0.0570857
0.350489
0.411309
-0.313479
-0.17399
0.197745
0.0428606
-0.315102
-0.0809502
-0.301564
-0.122659
-0.112929
-0.0352224
-0.323602
-0.330891
-0.068786
-0.23061
0.0887491
-0.57951
0.321763
-0.210745
-0.105527
-0.369115
-0.35823
-0.405529
-0.204056
0.014242
0.359833
-0.392426
0.0849323
0.353647
-0.588918
-0.431436
-0.343977
0.467071
0.364756
0.0889191
0.0321765
0.215378
-0.403655
-0.373699
0.283853
-0.333916
0.110583
0.409932
0.446096
0.168092
-0.253749
0.0902272
-0.104065
-0.447086
0.420489
-0.338691
-0.0534788
-0.37399
0.267745
-0.0171394
-0.175102
-0.16095
-0.241564
0.517341
0.137071
-0.435222
-0.203602
0.0491091
0.291214
-0.14061
0.188749
-0.50951
-0.0282369
0.359255
-0.305527
0.250885
0.0717702
0.274471
-0.0540559
0.304242
0.0498329
-0.322426
-0.455068
0.103647
-0.108918
-0.251436
0.076023
0.587071
-0.345244
-0.141081
0.542177
-0.414622
0.426345
-0.323699
-0.506147
-0.163916
-0.179417
-0.0500682
0.0860956
-0.151908
0.306251
0.390227
-0.0840647
-0.207086
-0.419511
0.0513092
0.236521
-0.35399
-0.242255
-0.297139
0.0948975
0.55905
-0.111564
0.387341
0.267071
0.0747776
-0.303602
0.509109
0.251214
0.33939
0.438749
0.38049
0.101763
0.399255
0.214473
-0.0291153
0.0317702
-0.0955287
-0.224056
-0.305758
0.239833
0.347574
0.0249323
-0.186353
-0.348918
0.188564
-0.493977
-0.0229293
-0.0752438
-0.531081
0.532177
0.115378
-0.513655
0.116301
-0.326147
0.0360839
0.280583
-0.280068
0.456096
-0.301908
-0.423749
0.280227
0.215935
-0.357086
0.440489
0.391309
-0.223479
0.30601
-0.0422555
-0.0471394
-0.275102
0.0290498
-0.301564
0.487341
0.517071
-0.335222
-0.0536017
-0.150891
0.341214
-0.16061
-0.451251
0.0204899
-0.358237
-0.120745
0.264473
-0.409115
-0.0882298
0.0844713
0.105944
-0.405758
0.139833
0.407574
0.354932
0.443647
0.381082
-0.131436
-0.253977
-0.0829293
-0.315244
0.258919
-0.137823
0.405378
0.266345
-0.263699
-0.186147
0.446084
0.410583
-0.250068
-0.333904
-0.531908
0.0762513
0.370227
0.275935
0.252914
0.120489
0.361309
-0.523479
-0.00398991
0.0977445
-0.427139
-0.475102
0.44905
-0.331564
0.337341
0.437071
-0.345222
0.316398
0.0391091
0.211214
0.44939
-0.411251
0.20049
-0.148237
-0.080745
0.424473
0.0908847
0.39177
-0.365529
0.155944
-0.035758
-0.500167
-0.552426
0.454932
-0.176353
-0.508918
0.428564
-0.383977
-0.342929
0.444756
-0.261081
0.0321765
-0.404622
0.236345
0.186301
0.243853
-0.433916
0.340583
-0.220068
0.0860956
0.208092
0.196251
0.160227
-0.144065
0.252914
0.000489364
-0.508691
-0.263479
0.16601
0.00774451
0.372861
-0.535102
-0.0709502
0.458436
-0.362659
0.0170707
0.114778
-0.243602
-0.340891
0.171214
0.37939
0.178749
0.39049
-0.0482369
0.139255
0.134473
-0.299115
-0.12823
0.534471
-0.174056
0.394242
0.439833
-0.512426
0.344932
0.153647
0.111082
0.518564
0.416023
-0.132929
0.374756
0.388919
0.452177
0.465378
0.296345
-0.333699
0.483853
-0.193916
-0.179417
0.0799318
-0.183904
-0.031908
0.226251
-0.0197728
0.305935
-0.327086
0.370489
-0.0986908
-0.113479
-0.0339899
0.227745
0.172861
-0.155102
0.22905
0.0784358
0.197341
-0.232929
0.134778
-0.263602
0.509109
-0.00878598
-0.20061
-0.271251
0.0204899
-0.338237
0.339255
0.234473
0.320885
-0.0582298
-0.415529
0.245944
-0.445758
0.169833
-0.162426
0.0749323
-0.246353
0.201082
-0.451436
0.426023
-0.272929
-0.535244
0.398919
-0.0378235
-0.0146221
-0.0136547
0.216301
-0.486147
-0.133916
0.120583
-0.430068
0.476096
-0.271908
-0.00374874
-0.139773
0.215935
0.0429143
-0.519511
-0.308691
0.326521
-0.26399
-0.402255
-0.147139
0.404898
-0.34095
0.158436
-0.412659
-0.392929
0.344778
0.276398
0.0691091
0.111214
0.0393896
-0.341251
0.35049
0.451763
-0.160745
-0.375527
-0.479115
-0.40823
-0.325529
-0.454056
-0.225758
-0.510167
0.257574
0.224932
0.173647
0.0810822
0.0185638
0.456023
0.157071
-0.435244
0.0989191
-0.217823
-0.224622
-0.273655
0.246301
0.283853
0.536084
-0.129417
-0.0800682
-0.333904
-0.221908
-0.503749
-0.419773
0.275935
0.0129143
0.190489
-0.438691
0.376521
-0.44399
0.127745
0.0528606
0.234898
-0.33095
-0.251564
-0.0326591
0.287071
0.0947776
0.306398
-0.250891
0.211214
-0.24061
0.478749
0.0104899
-0.498237
0.379255
0.114473
0.0308847
-0.24823
0.174471
-0.294056
0.334242
-0.0901671
-0.0324262
0.164932
0.333647
-0.568918
-0.161436
0.336023
0.207071
0.324756
-0.261081
0.442177
-0.374622
-0.533655
0.0563011
-0.256147
-0.153916
-0.189417
-0.440068
0.276096
0.348092
0.0162513
-0.299773
0.0959353
-0.247086
-0.159511
-0.318691
-0.213479
-0.29399
-0.362255
0.192861
0.214898
-0.12095
0.158436
-0.232659
-0.292929
-0.235222
0.0963983
0.0391091
0.441214
-0.29061
0.0687491
-0.41951
-0.208237
-0.200745
-0.135527
-0.289115
0.57177
0.0344713
0.165944
-0.175758
0.299833
0.0175738
0.164932
-0.366353
-0.188918
0.128564
-0.193977
-0.212929
-0.115244
0.0489191
0.152177
0.545378
0.296345
-0.0336989
0.373853
0.276084
0.0305834
0.329932
-0.203904
-0.171908
0.0162513
-0.279773
0.585935
0.402914
-0.229511
-0.488691
0.0165212
0.23601
-0.102255
-0.0471394
-0.195102
0.24905
-0.0215642
-0.312659
-0.202929
-0.455222
-0.273602
-0.0908909
-0.258786
0.0793896
0.0987491
-0.51951
0.241763
0.169255
-0.175527
-0.469115
0.58177
-0.455529
-0.434056
0.00424204
0.0698329
0.207574
0.304932
-0.366353
0.211082
0.538564
-0.293977
0.337071
-0.0452438
0.328919
-0.277823
-0.324622
-0.193655
-0.253699
-0.156147
0.196084
-0.0994166
0.219932
0.426096
0.168092
0.386251
-0.119773
-0.344065
0.332914
0.330489
0.441309
0.386521
-0.30399
0.437745
-0.227139
0.394898
-0.40095
-0.0915642
0.407341
0.247071
-0.185222
-0.393602
-0.110891
0.091214
-0.11061
0.278749
0.27049
0.471763
0.259255
-0.235527
-0.309115
0.0417702
-0.435529
-0.464056
0.074242
0.359833
-0.172426
-0.175068
0.0736466
-0.328918
0.338564
-0.043977
0.247071
-0.215244
-0.441081
0.402177
-0.00462208
-0.233655
-0.433699
0.383853
-0.343916
-0.0194166
-0.180068
0.166096
0.138092
0.0562513
0.230227
-0.404065
0.402914
-0.209511
-0.0186908
0.196521
0.45601
0.137745
0.0928606
-0.375102
-0.11095
0.218436
0.217341
0.597071
0.234778
-0.0336017
-0.360891
0.091214
-0.14061
0.358749
-0.56951
0.0217631
-0.470745
-0.355527
0.230885
-0.17823
0.274471
0.265944
0.264242
-0.490167
0.0875738
-0.235068
0.123647
0.121082
0.518564
0.476023
-0.0929293
0.284756
0.228919
0.0221765
-0.134622
0.416345
-0.223699
-0.216147
-0.183916
-0.0994166
-0.520068
0.176096
0.388092
-0.453749
0.450227
0.145935
-0.497086
-0.0295106
0.311309
-0.343479
0.39601
0.407745
0.132861
0.284898
-0.37095
0.488436
0.187341
-0.0729293
-0.255222
0.156398
-0.440891
0.241214
-0.28061
-0.341251
-0.49951
0.281763
-0.340745
0.374473
-0.499115
-0.13823
0.244471
0.425944
-0.175758
-0.530167
-0.0324262
0.224932
0.183647
-0.0989178
-0.151436
0.256023
0.127071
-0.415244
-0.451081
0.0121765
-0.314622
-0.123655
-0.433699
-0.176147
0.0460839
0.0405834
-0.190068
-0.0639044
0.088092
-0.203749
0.400227
0.385935
-0.337086
-0.339511
0.241309
-0.583479
-0.37399
0.0177445
0.162861
0.0948975
0.27905
0.308436
0.0873409
0.127071
-0.395222
-0.303602
0.489109
-0.228786
-0.0506104
0.248749
-0.39951
0.191763
-0.320745
-0.0055271
-0.379115
0.57177
-0.265529
-0.394056
-0.445758
-0.260167
-0.0424262
0.414932
0.183647
0.301082
-0.281436
0.226023
0.0570707
-0.0252438
-0.371081
-0.0778235
0.375378
-0.133655
0.0663011
-0.406147
-0.273916
-0.319417
0.0399318
-0.0439044
-0.021908
0.266251
0.290227
-0.364065
-0.297086
0.450489
-0.468691
0.276521
-0.30399
0.147745
-0.0371394
-0.235102
0.0490498
-0.171564
0.467341
-0.212929
-0.225222
-0.183602
0.229109
-0.368786
0.15939
0.0587491
-0.24951
-0.278237
0.049255
-0.215527
-0.239115
-0.21823
0.314471
0.0959441
-0.025758
-0.0501671
0.387574
-0.485068
0.453647
0.121082
0.488564
-0.113977
0.367071
0.0347562
-0.0610809
-0.297823
-0.354622
-0.0436547
0.426301
0.473853
-0.133916
0.100583
0.339932
-0.0139044
0.378092
-0.253749
0.490227
0.515935
0.342914
-0.479511
-0.258691
0.266521
-0.0439899
-0.322255
0.242861
0.174898
0.18905
-0.0915642
-0.482659
0.497071
-0.245222
0.0363983
0.499109
-0.278786
-0.35061
-0.451251
-0.41951
-0.0882369
-0.380745
0.0644729
-0.0591153
0.25177
-0.355529
-0.154056
0.194242
-0.0801671
-0.502426
-0.525068
0.0636466
-0.568918
-0.101436
-0.323977
0.227071
-0.485244
-0.431081
-0.377823
-0.444622
-0.273655
0.316301
0.303853
0.00608387
-0.469417
0.339932
-0.0139044
-0.231908
0.216251
-0.379773
-0.0440647
0.192914
-0.349511
0.251309
-0.0934788
0.44601
-0.452255
-0.117139
0.284898
-0.26095
-0.351564
0.277341
-0.312929
-0.435222
0.166398
0.0891091
0.341214
-0.25061
0.498749
0.33049
0.451763
-0.060745
0.114473
0.0808847
0.0317702
0.384471
-0.254056
0.364242
0.219833
0.417574
0.0249323
-0.316353
0.0310822
-0.141436
0.066023
0.427071
0.204756
-0.211081
0.0621765
0.0353779
-0.0336547
-0.223699
0.173853
-0.173916
-0.389417
0.0599318
0.576096
-0.411908
0.356251
0.140227
0.275935
-0.227086
-0.119511
-0.138691
0.276521
-0.26399
-0.0922555
0.142861
-0.235102
-0.14095
0.428436
0.277341
0.207071
0.444778
-0.183602
-0.450891
0.271214
0.41939
-0.361251
-0.29951
-0.468237
-0.100745
0.474473
0.320885
-0.0282298
0.464471
-0.0840559
0.154242
0.429833
-0.282426
-0.145068
-0.366353
0.0210822
0.148564
-0.443977
0.167071
0.184756
-0.291081
0.172177
-0.124622
0.406345
0.356301
0.0438531
-0.0739161
-0.169417
-0.460068
0.236096
0.188092
0.246251
0.390227
0.475935
-0.107086
0.170489
0.351309
-0.523479
0.42601
0.157745
-0.187139
-0.0851025
0.28905
-0.141564
0.327341
-0.292929
0.334778
0.0563983
0.309109
-0.308786
-0.11061
-0.251251
0.34049
-0.238237
-0.430745
-0.0255271
0.160885
-0.40823
0.504471
-0.334056
-0.105758
-0.380167
0.417574
-0.225068
0.393647
0.361082
-0.0414362
-0.153977
-0.322929
-0.495244
0.268919
0.182177
0.485378
0.336345
-0.493699
-0.0661469
-0.0439161
-0.509417
-0.0300682
0.556096
0.098092
0.416251
0.490227
0.385935
0.392914
0.0704894
0.0513092
0.336521
-0.13399
-0.272255
-0.587139
-0.345102
0.15905
0.278436
0.307341
0.177071
-0.0252224
0.156398
0.00910909
0.011214
-0.31061
0.118749
0.25049
-0.348237
0.379255
-0.195527
0.340885
0.11177
-0.0555287
-0.124056
-0.425758
0.269833
-0.392426
-0.0950677
-0.436353
0.201082
-0.411436
-0.463977
0.457071
0.234756
-0.421081
0.282177
0.455378
0.276345
0.0263011
-0.386147
0.0660839
-0.109417
-0.0200682
0.0660956
0.018092
0.266251
-0.489773
-0.0740647
0.392914
-0.449511
-0.488691
0.316521
-0.34399
-0.302255
-0.507139
-0.485102
0.24905
-0.171564
0.277341
0.447071
0.154778
-0.143602
-0.120891
0.141214
-0.17061
-0.361251
-0.54951
0.0417631
0.399255
0.434473
0.480885
-0.38823
-0.385529
0.155944
0.274242
0.279833
0.237574
-0.175068
-0.426353
0.351082
-0.181436
0.466023
-0.242929
-0.275244
0.148919
-0.277823
0.255378
0.0163453
-0.0836989
0.243853
-0.143916
-0.469417
-0.510068
-0.0739044
0.168092
0.00625126
-0.179773
-0.224065
-0.517086
-0.319511
0.211309
0.196521
0.24601
-0.422255
-0.0771394
-0.195102
0.27905
-0.211564
-0.232659
0.0970707
-0.475222
0.146398
-0.340891
0.311214
-0.41061
-0.0712509
0.32049
0.261763
0.099255
0.354473
0.450885
0.18177
0.404471
0.265944
0.084242
0.0598329
0.297574
0.344932
0.0436466
-0.228918
0.188564
-0.183977
0.547071
0.0947562
0.0989191
-0.317823
-0.0646221
-0.0536547
-0.0536989
-0.436147
0.426084
0.370583
-0.390068
0.426096
-0.141908
0.286251
-0.289773
0.00593532
-0.0470857
0.410489
0.241309
0.0565212
0.0160101
0.347745
0.362861
-0.245102
-0.15095
0.268436
-0.482659
-0.152929
0.294778
-0.333602
0.199109
-0.438786
0.49939
0.288749
-0.52951
-0.0282369
-0.300745
0.394473
-0.429115
-0.40823
0.174471
-0.354056
0.204242
-0.430167
0.107574
-0.485068
0.373647
-0.318918
-0.121436
0.406023
0.377071
0.254756
0.398919
-0.347823
-0.0946221
-0.523655
-0.103699
0.303853
-0.383916
0.380583
0.219932
-0.0639044
-0.231908
-0.403749
-0.369773
0.175935
0.192914
0.430489
0.391309
-0.193479
0.28601
0.157745
0.132861
0.104898
-0.44095
-0.491564
0.167341
0.107071
0.0747776
0.0963983
0.129109
-0.448786
0.17939
0.348749
0.23049
0.471763
-0.250745
-0.0855271
0.340885
0.53177
-0.225529
-0.314056
0.124242
-0.400167
0.317574
0.0549323
-0.266353
-0.0189178
-0.241436
-0.123977
-0.392929
-0.495244
0.188919
-0.297823
0.325378
-0.143655
0.306301
-0.0461469
-0.383916
0.280583
0.349932
0.186096
-0.521908
-0.153749
0.190227
0.245935
0.262914
0.350489
0.0913092
-0.593479
0.39601
0.257745
0.302861
0.134898
-0.0909502
-0.291564
-0.442659
0.577071
0.414778
-0.373602
0.329109
-0.188786
-0.0806104
0.248749
0.25049
0.101763
0.359255
-0.235527
0.120885
-0.20823
0.0744713
0.175944
-0.325758
0.319833
0.127574
-0.195068
0.413647
-0.358918
-0.121436
-0.223977
-0.312929
-0.275244
-0.231081
0.382177
-0.104622
0.406345
0.446301
0.263853
0.286084
-0.369417
0.0399318
0.0960956
0.328092
-0.453749
0.320227
-0.0840647
0.0329143
0.0804894
-0.0986908
-0.0134788
0.0760101
0.227745
-0.0171394
0.294898
0.46905
0.218436
0.0973409
-0.262929
0.204778
0.0263983
-0.230891
0.011214
0.53939
-0.451251
-0.38951
-0.308237
0.459255
-0.245527
0.270885
0.21177
0.274471
-0.184056
0.284242
-0.150167
-0.212426
-0.435068
-0.116353
0.211082
0.0485638
-0.153977
0.297071
0.404756
-0.311081
-0.107823
0.0153779
0.196345
0.326301
0.443853
-0.433916
0.290583
-0.180068
0.236096
-0.411908
-0.323749
-0.369773
-0.304065
-0.397086
0.0504894
-0.298691
0.116521
0.38601
-0.322255
0.262861
0.224898
0.19905
-0.101564
-0.232659
-0.132929
0.364778
0.386398
-0.120891
0.181214
0.45939
0.268749
0.15049
-0.438237
0.119255
-0.185527
-0.259115
-0.27823
0.314471
0.345944
0.044242
-0.500167
0.317574
-0.0550677
-0.116353
-0.138918
0.0385638
0.376023
-0.112929
0.114756
-0.0710809
-0.407823
-0.114622
0.256345
0.486301
0.113853
-0.0339161
0.120583
0.309932
-0.403904
0.218092
-0.333749
-0.239773
-0.234065
-0.277086
0.320489
-0.388691
0.276521
-0.18399
-0.232255
0.372861
0.404898
0.0190498
0.0384358
-0.312659
-0.202929
-0.295222
0.456398
-0.440891
0.311214
0.31939
-0.131251
0.37049
-0.118237
0.169255
0.324473
-0.169115
-0.0182298
-0.0755287
0.145944
0.064242
0.109833
0.0175738
0.0749323
-0.426353
-0.0589178
-0.0114362
-0.303977
-0.282929
0.104756
-0.261081
-0.0678235
0.135378
-0.483655
-0.243699
-0.296147
0.286084
0.350583
0.229932
-0.303904
-0.131908
0.406251
0.400227
-0.184065
0.252914
0.210489
-0.288691
-0.223479
-0.25399
-0.0822555
0.00286056
-0.185102
-0.10095
-0.371564
-0.0126591
-0.202929
0.454778
0.356398
-0.0408909
-0.198786
-0.11061
0.408749
0.29049
-0.0482369
-0.410745
0.304473
0.400885
-0.17823
-0.315529
0.195944
0.00424204
0.349833
-0.262426
-0.375068
0.213647
-0.518918
0.208564
0.086023
-0.0829293
-0.155244
0.408919
-0.0578235
0.155378
-0.113655
-0.393699
-0.146147
0.306084
0.230583
0.449932
-0.213904
0.388092
0.00625126
-0.179773
-0.274065
0.392914
-0.289511
0.331309
0.386521
0.42601
0.167745
-0.357139
0.314898
-0.0909502
0.428436
-0.322659
-0.142929
0.244778
-0.243602
0.319109
-0.248786
-0.11061
0.0587491
0.20049
-0.0282369
-0.110745
0.114473
-0.359115
0.27177
-0.245529
-0.414056
-0.065758
0.369833
-0.362426
0.0949323
-0.336353
-0.198918
-0.351436
-0.263977
0.0470707
0.394756
0.228919
-0.187823
0.395378
-0.0136547
-0.263699
0.333853
-0.203916
0.200583
-0.300068
0.426096
-0.391908
-0.463749
0.270227
-0.124065
-0.157086
-0.469511
0.0113092
0.376521
0.0660101
-0.212255
0.0528606
-0.535102
-0.21095
-0.101564
-0.0726591
0.557071
-0.285222
-0.0236017
-0.120891
-0.168786
0.0393896
0.528749
0.40049
0.251763
-0.310745
0.324473
0.0708847
-0.24823
0.454471
0.415944
0.474242
-0.440167
-0.282426
0.0449323
-0.0763534
-0.198918
-0.221436
-0.013977
0.107071
0.364756
-0.0810809
0.472177
-0.194622
-0.543655
0.406301
0.0438531
0.306084
0.360583
-0.410068
-0.113904
-0.141908
-0.123749
-0.509773
0.405935
0.0929143
-0.179511
0.0213092
-0.373479
0.30601
-0.462255
-0.407139
0.134898
0.0990498
-0.241564
-0.0626591
-0.182929
0.0347776
0.216398
0.379109
0.231214
0.44939
-0.171251
-0.52951
0.451763
0.00925503
0.0444729
-0.159115
-0.0582298
0.154471
-0.174056
-0.335758
-0.000167107
-0.382426
-0.0550677
-0.186353
0.291082
0.418564
-0.173977
-0.262929
0.174756
0.418919
0.492177
0.225378
-0.143655
-0.173699
-0.146147
-0.0939161
-0.469417
-0.280068
-0.163904
-0.091908
-0.0937487
-0.249773
-0.414065
-0.547086
0.0904894
0.141309
0.176521
0.19601
0.257745
0.0628606
0.124898
-0.22095
-0.181564
-0.172659
0.467071
0.234778
-0.383602
-0.300891
-0.368786
0.11939
-0.331251
0.23049
0.131763
-0.190745
-0.355527
-0.369115
-0.00822982
-0.365529
0.365944
0.294242
-0.0501671
0.167574
0.124932
0.213647
0.241082
-0.281436
-0.00397698
-0.182929
0.0147562
0.00891905
-0.217823
-0.304622
-0.503655
0.326301
-0.196147
0.476084
0.130583
0.319932
-0.313904
0.108092
-0.523749
0.450227
-0.184065
-0.407086
0.240489
0.401309
0.136521
-0.33399
0.357745
0.222861
0.264898
-0.0809502
0.398436
0.387341
-0.262929
-0.0752224
0.166398
-0.0508909
-0.348786
-0.13061
-0.19
0.48
0.14
-0.04
-0.23
0.39
0.3
0.23
0.38
-0.27
-0.15
-0.5
0.32
0.04
0.2
-0.33
0.03
-0.35
0.04
0.33
-0.13
-0.34
-0.25
-0.16
-0.36
0.33
0.16
0.37
-0.44
0.02
0.13
0.06
-0.45
0.32
-0.43
-0.16
-0.45
-0.05
-0.42
0.25
0
-0.17
-0.21
-0.24
-0.27
-0.12
0.43
0.17
0.23
-0.42
1.23748
2.01303
-0.435736
-0.347837
-0.501927
0.948712
-1.95868
-1.05737
-0.493599
0.742707
0.917508
-0.201905
-1.94493
-2.35112
0.284809
1.86334
-1.14434
0.557744
0.207065
0.440659
0.403104
0.234838
-1.93683
-1.98339
-0.898529
0.417143
0.88207
1.5514
-1.19671
2.03326
1.11193
-1.59895
-0.274201
-1.03353
-0.964418
0.326168
0.103817
-1.37081
0.384126
0.645627
-2.14915
0.0954417
-0.836054
0.391119
-0.0748736
0.351596
0.61622
1.75392
0.25343
-0.766263
-0.931151
-1.29193
-0.797085
-0.106097
-0.905195
0.159339
0.746323
-1.32421
0.941134
0.946287
-0.165711
-0.633012
0.847814
1.74335
-0.164043
-1.70624
-1.65635
0.548465
0.749983
-0.934953
-1.52218
-0.0982059
1.19234
0.586431
-0.124801
0.605761
-1.93528
0.842982
-0.727245
-1.36214
-0.513394
-0.549935
-1.67197
1.15478
0.136545
-0.422273
1.08993
0.336885
-1.10965
-1.46522
-0.42374
-0.358684
-1.38863
-0.793236
1.24702
0.616034
-0.282818
0.526587
-0.338185
-0.93657
2.19171
-0.113325
-0.733501
0.36278
0.366526
-0.0814427
0.149775
-1.84745
1.69278
-0.903795
1.77741
2.1357
0.605138
-1.26127
-1.3461
0.168085
-0.795325
-0.261997
-1.59283
0.1137
-0.856264
0.272228
-1.00028
0.0923365
-0.0416946
0.227828
0.894032
0.468457
-0.662629
-0.451128
-0.75326
0.146625
-0.458284
-1.08695
0.0806965
1.75
-0.820925
-1.44406
-2.17249
-0.585675
0.120667
-1.58242
0.76584
-0.535161
-1.39273
-1.37834
-1.07614
-0.112585
1.07691
0.527421
1.59072
-0.854873
1.45535
0.318937
-0.91335
-2.80806
0.138924
0.939056
0.0944592
0.340854
-0.135051
-1.79991
-0.749336
-0.795623
-1.99754
1.58397
0.41805
0.53889
0.238227
1.01454
0.954508
0.321385
0.422814
-0.682565
-0.586643
0.644535
0.847664
-0.473006
-0.0340207
-2.56927
-0.956819
0.144537
-0.65875
0.183272
0.120597
-0.520664
0.892266
-0.572046
1.28386
-0.967434
0.992615
-0.751977
0.418917
-0.177878
-0.765043
-1.62726
-0.756339
0.65629
-0.305422
1.67098
-2.53779
-0.081365
-1.11858
-0.674043
1.90444
-0.120048
-0.407566
-1.75029
-0.407125
1.67639
-1.17865
-0.842637
1.62885
0.567514
-0.929509
0.64603
-1.92851
-0.391802
0.364056
1.73863
0.242825
-2.21393
1.47826
1.94423
-0.762453
-1.40566
-0.343955
-2.21429
2.05446
0.0268597
0.0412402
0.13771
0.544319
0.489765
-0.501014
-0.709828
-1.67004
0.534943
1.9999
-2.49788
1.04639
-1.86041
0.794437
-1.30969
1.25458
-0.0184233
0.0175933
-0.0468087
0.0941826
-1.55261
0.545307
0.74708
-0.909423
-0.885627
0.208484
0.040601
0.536653
-1.14428
1.18009
-0.362087
0.861685
0.280749
-0.054853
-1.65323
0.801888
-1.43614
2.14962
0.166563
-0.661972
-0.873441
0.634474
1.08159
0.187315
-0.429264
0.0985002
0.420134
-1.51453
-0.0115439
-1.32839
-0.27467
-0.954202
1.29276
-0.161072
1.72457
-0.94202
0.265731
0.446913
-0.0095255
-2.43761
0.194689
-1.07087
0.629668
-1.90206
2.06981
-1.1464
-0.0229463
1.53314
-1.09242
0.13409
-0.427044
-1.59152
-0.378016
0.59537
0.35052
0.0195642
0.181469
-0.884682
0.800725
-0.761885
-0.162781
-1.65237
0.196494
-0.244567
0.290598
0.275701
-0.588313
0.556318
-1.00287
-1.70663
0.387595
-1.29835
1.06939
1.38858
0.764927
0.580883
-0.915015
-0.990836
0.0446099
-2.40605
-1.58471
0.21412
1.24689
1.02553
-0.590177
-0.179675
-0.887846
-1.00136
-0.0355665
-1.68264
-0.0467089
-1.85304
1.62851
0.74584
-1.15911
-0.813274
-1.10292
-0.544498
-0.0315195
1.79937
-0.367565
0.432
0.526095
-0.542925
-0.672343
0.481434
-2.1372
0.57358
-0.850823
1.80339
-0.202979
1.75412
-0.525991
-1.15959
0.492424
-1.70054
1.02245
-1.8879
0.742005
0.0271377
1.03367
0.220144
-1.05205
0.798176
-0.0726804
1.16504
-2.47957
-0.305734
-0.449458
0.92107
-0.361532
-0.529907
1.15829
-0.7986
-0.820862
-1.39226
-1.76012
1.17281
-0.686608
1.11899
0.865554
0.024416
-0.0433564
-0.736893
-1.13892
0.0289579
0.0575095
0.287354
0.678293
-0.864244
-0.749913
-0.0447785
-0.555697
-0.613459
1.19079
-0.709872
-1.22407
-0.745112
0.44129
-0.270359
-0.415658
-0.941857
-0.571326
-1.01528
-0.0751866
1.50937
0.732834
-0.28917
-0.660664
1.00439
-0.646283
0.403941
-0.200007
-2.67252
1.31502
-0.838387
0.749194
1.08457
0.730908
-2.04261
0.604381
-2.05487
0.586669
0.541407
0.900646
-0.712491
0.0779316
-0.527059
-1.68774
0.965229
-1.32369
1.25292
0.425983
0.941243
-2.34819
-0.0893557
-0.771878
-0.0310439
-0.118215
-2.10713
1.54807
-0.252154
-1.18943
-0.162664
-2.75047
0.21886
-0.148883
0.451828
1.66363
0.0523812
1.88135
-0.865463
-1.38992
1.04926
-0.30855
-0.526008
0.234658
-0.0546546
-1.58194
0.120569
-0.76321
-1.90591
-0.923708
0.25729
0.328615
0.803774
0.467778
-2.14476
1.68543
-0.360787
-1.22611
0.773891
-1.15148
-0.5192
-0.392303
-0.239014
1.25879
1.67802
-2.81402
-0.922507
-0.380228
1.08398
-0.634168
-1.25843
0.251179
0.55988
0.357865
0.0973321
0.565285
0.607851
-0.883088
0.3
-0.32
-0.16
0.31
0.27
0.36
-0.43
0.03
-0.02
-0.29
