35
50
10
0.394257
0.418239
0.240068
-0.470696
-0.0400537
0.379234
0.396138
0.416383
-0.136904
0.418139
-0.025123
0.276081
0.160067
-0.31448
0.307329
-0.0403332
-0.111474
0.139776
0.322479
-0.00575254
-0.172964
0.329577
0.0700602
-0.311827
-0.378053
0.25695
0.388565
-0.326722
-0.0179143
0.290286
0.00417512
-0.0762784
-0.467252
0.221045
-0.0856273
0.29824
0.229214
0.328325
0.253669
0.18679
0.3565
0.204673
-0.256173
0.208802
0.274303
0.0968815
0.0296134
0.402367
-0.247074
-0.211826
0.364257
0.218239
-0.429932
0.369304
0.199946
-0.110766
-0.0738616
-0.0536173
-0.216904
0.358139
-0.065123
0.036081
-0.429933
0.34552
-0.0726713
-0.280333
-0.381474
0.319776
0.212479
-0.0857525
-0.272964
-0.240423
-0.29994
-0.421827
0.511947
-0.40305
0.428565
-0.246722
0.582086
-0.369714
-0.275825
-0.466278
-0.137252
0.381045
-0.265627
0.0582397
0.329214
0.208325
-0.346331
0.46679
-0.4135
-0.0453272
0.103827
-0.201198
0.0143026
-0.163118
-0.230387
0.102367
-0.187074
0.0881739
0.214257
0.338239
-0.0899319
0.0893038
-0.0800537
0.139234
0.396138
0.0463827
-0.256904
-0.171861
-0.375123
-0.283919
0.330067
-0.46448
0.167329
0.239667
-0.0114736
0.339776
-0.437521
-0.445753
-0.152964
-0.250423
0.40006
0.438173
-0.448053
-0.42305
-0.321435
0.273278
-0.347914
0.0502857
-0.0858249
-0.276278
-0.227252
-0.478955
0.374373
0.18824
-0.450786
0.378325
-0.216331
0.38679
0.2665
0.464673
-0.286173
0.0388021
-0.145697
-0.523118
-0.270387
0.132367
-0.207074
-0.0218261
-0.515743
-0.211761
-0.329932
0.0793038
-0.0500537
0.159234
-0.323862
0.406383
-0.296904
-0.511861
0.014877
-0.213919
0.520067
-0.35448
-0.0226713
0.0896668
-0.0214736
0.339776
-0.157521
-0.475753
-0.092964
-0.530423
0.17006
-0.271827
0.251947
-0.15305
0.308565
0.0832783
-0.287914
-0.439714
0.114175
0.503722
0.0127479
0.0210455
-0.255627
-0.10176
0.219214
0.378325
-0.0863313
0.36679
0.0865005
0.334673
0.533827
0.268802
0.354303
-0.0831185
0.0696134
-0.247633
0.452926
-0.101826
0.464257
-0.301761
0.150068
0.459304
0.459946
-0.340766
-0.0738616
0.406383
0.173096
0.488139
0.024877
0.126081
0.0300671
0.27552
-0.182671
-0.300333
-0.201474
-0.230224
-0.187521
-0.125753
0.077036
-0.0504232
0.37006
0.208173
0.0119467
-0.45305
-0.461435
-0.246722
-0.177914
0.0902857
0.454175
0.373722
0.232748
-0.328955
-0.295627
-0.24176
0.0292138
-0.151675
0.293669
-0.32321
0.3365
-0.145327
-0.186173
-0.0511979
0.314303
-0.0431185
-0.120387
-0.0476326
-0.307074
-0.0518261
-0.375743
-0.131761
0.110068
-0.230696
0.299946
-0.400766
0.356138
-0.303617
0.403096
-0.0118614
-0.285123
0.416081
-0.179933
0.19552
0.177329
-0.460333
-0.451474
0.139776
-0.457521
-0.0357525
0.147036
0.329577
0.15006
0.0981728
-0.0980533
-0.33305
-0.181435
-0.506722
-0.317914
-0.469714
0.444175
0.423722
0.232748
0.361045
0.314373
0.25824
-0.350786
-0.201675
-0.406331
0.40679
0.2665
-0.0353272
0.523827
-0.0211979
-0.205697
0.0868815
0.399613
-0.137633
0.482926
0.208174
0.464257
-0.111761
-0.0899319
0.0593038
-0.230054
-0.150766
-0.0138616
-0.153617
-0.376904
-0.431861
-0.355123
-0.183919
-0.339933
-0.37448
0.0573287
-0.280333
-0.141474
-0.160224
0.342479
0.154247
-0.062964
0.339577
-0.0399398
-0.491827
0.171947
-0.0130503
-0.491435
0.303278
0.0420857
-0.329714
-0.295825
0.253722
-0.387252
-0.288955
0.164373
0.11824
0.159214
-0.041675
-0.526331
-0.11321
0.0465005
0.00467281
-0.306173
0.0588021
0.144303
0.256882
-0.290387
-0.0376326
-0.287074
-0.231826
0.464257
0.448239
0.0700681
0.00930382
-0.100054
-0.250766
-0.453862
0.466383
0.323096
-0.0918614
-0.125123
0.00608103
-0.299933
0.38552
-0.0626713
-0.240333
0.108526
0.379776
0.402479
0.254247
0.037036
-0.290423
-0.22994
-0.181827
-0.168053
0.38695
0.148565
0.203278
0.442086
0.340286
-0.205825
-0.0662784
-0.257252
-0.198955
0.224373
-0.43176
-0.170786
-0.321675
0.393669
0.10679
-0.3135
0.274673
-0.276173
0.308802
-0.325697
-0.193118
0.399613
0.432367
-0.0770742
-0.321826
0.414257
-0.111761
-0.0799319
0.459304
-0.360054
-0.280766
-0.123862
-0.213617
0.263096
0.298139
0.304877
0.096081
-0.0499329
0.18552
0.437329
0.0796668
0.198526
-0.0402243
-0.387521
0.414247
0.437036
0.439577
-0.17994
0.448173
-0.408053
-0.11305
-0.0314345
0.333278
0.0520857
-0.429714
-0.155825
0.453722
-0.107252
0.121045
-0.385627
0.0782397
0.399214
-0.321675
0.383669
0.25679
-0.1435
-0.265327
-0.0261733
-0.131198
-0.275697
0.0868815
-0.290387
-0.0476326
0.0229258
-0.431826
0.364257
0.348239
0.510068
-0.360696
0.379946
0.579234
0.0861384
0.286383
0.333096
0.0581386
-0.465123
-0.503919
0.370067
0.0355204
0.277329
0.0796668
0.278526
-0.0102243
-0.357521
0.184247
0.127036
0.179577
-0.42994
0.148173
-0.00805332
-0.36305
-0.361435
0.0832783
0.332086
-0.409714
0.214175
-0.226278
-0.147252
-0.0989545
-0.195627
0.21824
0.349214
-0.091675
-0.456331
0.0067897
0.0165005
0.324673
-0.406173
-0.0911979
-0.145697
-0.223118
-0.100387
-0.347633
-0.177074
0.0881739
-0.175743
0.358239
-0.339932
0.129304
-0.370054
0.169234
0.146138
0.496383
-0.406904
-0.221861
-0.215123
0.346081
0.450067
0.13552
-0.222671
0.249667
-0.161474
0.149776
-0.0175211
-0.445753
-0.212964
0.199577
0.50006
0.388173
0.231947
0.0869497
0.338565
0.253278
-0.207914
0.0802857
0.0541751
0.0137216
-0.437252
-0.208955
-0.405627
0.22824
0.0692138
-0.071675
0.413669
-0.42321
0.1965
-0.0953272
-0.296173
0.0188021
-0.415697
-0.393118
0.519613
-0.447633
-0.277074
0.318174
0.174257
-0.261761
0.230068
-0.370696
-0.230054
0.239234
0.256138
-0.353617
0.493096
-0.391861
-0.455123
0.286081
0.200067
0.15552
-0.332671
0.499667
-0.331474
-0.350224
-0.357521
0.294247
-0.00296401
-0.0704232
-0.0299398
0.428173
0.181947
-0.41305
0.0685655
0.0232783
0.552086
-0.0297143
0.444175
-0.396278
-0.137252
-0.238955
0.264373
-0.0417603
0.369214
0.288325
0.0236687
0.13679
-0.1835
-0.345327
0.283827
-0.251198
-0.415697
-0.183118
-0.400387
-0.307633
0.192926
0.128174
-0.465743
-0.461761
0.560068
0.299304
-0.170054
0.0792341
-0.163862
0.156383
-0.0269036
0.228139
0.164877
0.366081
0.450067
-0.53448
-0.242671
0.0396668
-0.0214736
-0.110224
0.0524789
-0.485753
0.257036
0.209577
0.40006
-0.0318272
-0.0580533
-0.16305
-0.411435
0.463278
-0.297914
0.0302857
-0.285825
-0.0562784
0.222748
0.0910455
-0.155627
-0.0117603
-0.450786
-0.381675
0.343669
-0.44321
0.3165
-0.205327
-0.306173
0.368802
0.484303
-0.483118
0.299613
0.442367
0.0229258
-0.231826
0.254257
0.308239
-0.199932
-0.380696
-0.210054
0.00923411
0.296138
0.106383
0.403096
-0.391861
-0.435123
0.216081
0.120067
-0.26448
0.0873287
-0.350333
-0.161474
-0.190224
-0.277521
-0.405753
-0.282964
0.299577
-0.24994
0.0381728
-0.408053
-0.39305
0.228565
-0.206722
-0.0379143
0.100286
0.214175
-0.226278
0.102748
-0.478955
-0.155627
-0.18176
-0.440786
0.218325
-0.346331
0.43679
-0.2935
0.134673
0.343827
-0.271198
0.0743026
-0.253118
0.00961337
-0.157633
0.0229258
-0.461826
0.264257
-0.371761
-0.379932
0.239304
-0.270054
0.439234
0.216138
0.0263827
0.313096
-0.101861
0.074877
-0.413919
0.390067
0.39552
-0.252671
-0.380333
0.478526
0.259776
0.172479
-0.0857525
0.557036
-0.0104232
0.12006
-0.181827
0.401947
-0.44305
-0.271435
0.423278
-0.0479143
0.460286
-0.255825
0.353722
0.462748
0.101045
0.324373
0.15824
-0.360786
-0.201675
-0.156331
-0.45321
-0.2735
-0.245327
-0.416173
0.238802
0.134303
0.0568815
-0.210387
-0.257633
-0.327074
0.0581739
0.094257
0.0782386
0.370068
-0.280696
-0.0300537
-0.240766
0.416138
-0.173617
-0.0969036
0.198139
-0.105123
-0.423919
0.0400671
-0.16448
0.467329
0.479667
-0.201474
0.119776
0.0124789
-0.195753
0.527036
-0.0504232
-0.13994
-0.241827
-0.0480533
0.10695
0.0685655
-0.266722
0.162086
-0.0697143
-0.295825
-0.166278
0.152748
-0.228955
-0.225627
-0.39176
-0.220786
-0.101675
0.243669
-0.25321
-0.0334995
0.194673
0.463827
-0.281198
0.104303
0.0668815
0.379613
0.502367
-0.0770742
0.218174
-0.525743
0.458239
0.410068
0.299304
0.239946
0.279234
0.436138
-0.0536173
0.00309637
0.318139
-0.085123
-0.423919
0.320067
0.29552
-0.0426713
0.0396668
0.148526
0.439776
-0.107521
0.184247
-0.112964
0.369577
-0.31994
0.428173
-0.448053
0.51695
-0.451435
-0.116722
0.0620857
0.280286
0.174175
0.443722
0.182748
0.401045
-0.365627
-0.35176
0.259214
-0.351675
-0.396331
0.13679
0.1065
0.314673
0.0138267
0.0788021
-0.0356974
0.0568815
0.389613
-0.0376326
0.542926
-0.00182609
0.194257
-0.331761
0.150068
-0.190696
0.179946
-0.340766
-0.533862
0.546383
-0.306904
0.308139
0.174877
-0.123919
-0.179933
0.16552
0.107329
-0.390333
0.538526
-0.300224
-0.337521
0.444247
-0.152964
-0.190423
-0.20994
0.278173
-0.0380533
0.0269497
0.0485655
-0.456722
-0.167914
-0.449714
0.464175
0.0737216
-0.187252
0.0510455
0.0443727
-0.36176
-0.100786
0.228325
0.343669
0.38679
-0.2135
0.124673
-0.336173
-0.291198
-0.205697
0.266882
-0.370387
-0.467633
0.112926
-0.151826
0.014257
-0.141761
0.480068
-0.0606962
-0.350054
0.169234
0.126138
0.236383
0.0630964
0.398139
0.064877
0.476081
-0.269933
-0.36448
-0.222671
-0.110333
0.188526
0.399776
-0.437521
0.294247
-0.242964
0.379577
0.12006
-0.101827
0.121947
-0.19305
-0.511435
0.0632783
-0.0879143
0.0902857
0.0741751
-0.296278
0.192748
0.351045
0.0943727
0.39824
0.399214
0.048325
-0.396331
-0.39321
0.2865
0.364673
0.483827
0.218802
-0.225697
0.0368815
-0.160387
0.00236742
-0.157074
0.288174
-0.365743
-0.431761
0.0600681
0.469304
-5.36921e-05
-0.190766
0.266138
-0.343617
0.383096
0.0981386
-0.145123
-0.263919
0.130067
0.0555204
0.0973287
0.509667
-0.401474
0.299776
0.262479
-0.345753
-0.122964
-0.200423
-0.18994
0.408173
0.431947
-0.23305
0.388565
0.273278
-0.0679143
0.370286
0.214175
0.333722
-0.0572521
0.0410455
-0.255627
-0.21176
-0.230786
0.018325
-0.206331
-0.0432103
-0.4835
0.354673
-0.166173
-0.301198
-0.175697
-0.273118
-0.120387
0.112367
0.0829258
0.428174
-0.055743
0.218239
-0.119932
0.289304
-0.100054
0.149234
0.0661384
-0.0636173
-0.136904
0.388139
0.434877
-0.183919
0.320067
0.0355204
0.0973287
0.139667
-0.161474
-0.150224
0.212479
0.0942475
0.317036
0.0895768
-0.22994
0.378173
-0.308053
-0.14305
-0.131435
0.0232783
-0.407914
0.170286
-0.205825
-0.276278
0.432748
0.321045
0.224373
-0.00176035
0.239214
0.218325
0.00366866
0.41679
0.1365
-0.435327
0.303827
0.398802
-0.295697
0.406882
-0.340387
0.272367
-0.367074
0.0181739
-0.135743
-0.251761
-0.289932
-0.180696
-0.490054
-0.210766
-0.0938616
0.486383
-0.0569036
-0.461861
-0.075123
0.056081
0.370067
0.34552
-0.242671
-0.130333
0.428526
0.0597757
0.422479
0.174247
0.367036
-0.0104232
-0.00993979
0.228173
0.181947
0.23695
-0.381435
0.103278
0.0320857
-0.249714
-0.125825
-0.346278
0.0027479
-0.108955
0.504373
0.48824
-0.140786
0.00832505
0.103669
-0.0132103
-0.0434995
-0.00532719
-0.286173
-0.381198
0.504303
0.116882
-0.270387
-0.457633
0.542926
0.408174
-0.295743
-0.481761
-0.399932
0.389304
0.309946
-0.340766
0.336138
0.116383
-0.186904
0.148139
-0.015123
0.116081
-0.389933
-0.54448
0.327329
-0.290333
0.258526
-0.460224
0.182479
0.0942475
0.067036
-0.0404232
0.42006
-0.321827
0.0119467
0.0669497
0.378565
0.0232783
-0.0379143
-0.239714
0.0441751
0.393722
0.302748
-0.0789545
0.114373
-0.34176
0.199214
-0.021675
-0.146331
0.0467897
-0.3635
-0.485327
0.483827
0.308802
0.254303
-0.203118
-0.430387
-0.327633
-0.287074
-0.151826
0.084257
-0.151761
-0.379932
-0.400696
0.00994631
0.539234
0.166138
-0.223617
0.243096
-0.301861
-0.205123
-0.203919
-0.0299329
0.23552
-0.192671
0.159667
-0.211474
0.289776
0.0524789
0.254247
-0.322964
-0.370423
-0.0899398
-0.421827
-0.138053
0.46695
0.188565
-0.0667217
-0.197914
0.420286
-0.265825
0.173722
-0.397252
-0.348955
-0.0856273
-0.25176
0.169214
0.018325
-0.386331
-0.39321
0.0765005
-0.375327
-0.346173
0.358802
-0.225697
-0.253118
-0.330387
-0.447633
0.0529258
0.0981739
-0.325743
0.458239
0.320068
0.479304
-0.0300537
-0.240766
-0.453862
0.396383
0.0130964
-0.191861
-0.355123
-0.043919
-0.159933
-0.0444796
-0.382671
0.399667
-0.00147356
-0.290224
0.452479
0.0542475
-0.422964
0.109577
0.39006
-0.401827
0.241947
0.0969497
-0.361435
0.0732783
-0.337914
-0.459714
-0.375825
0.363722
-0.387252
0.0810455
-0.185627
0.0282397
-0.230786
0.368325
0.463669
-0.44321
0.1465
-0.405327
0.0438267
-0.0011979
-0.485697
-0.183118
0.219613
-0.0176326
-0.197074
0.138174
0.214257
0.0782386
-0.429932
-0.0606962
0.469946
-0.110766
0.0561384
-0.303617
-0.126904
-0.291861
0.454877
0.026081
-0.419933
0.43552
0.467329
-0.0503332
-0.301474
-0.0502243
0.322479
0.0342475
-0.032964
-0.400423
-0.0999398
0.00817276
0.321947
0.30695
0.0785655
-0.336722
0.0420857
-0.259714
-0.435825
0.0737216
-0.187252
-0.248955
-0.295627
0.0282397
0.199214
-0.261675
-0.416331
-0.52321
0.4265
-0.105327
0.333827
0.168802
0.0743026
0.346882
-0.290387
-0.0976326
0.492926
0.148174
-0.185743
-0.201761
0.410068
-0.320696
0.119946
-0.370766
-0.273862
-0.133617
-0.236904
0.108139
0.094877
-0.403919
0.540067
-0.53448
-0.122671
0.149667
0.298526
-0.440224
0.202479
-0.455753
-0.322964
-0.160423
0.14006
0.248173
0.351947
0.15695
-0.391435
-0.176722
-0.147914
-0.169714
0.0941751
-0.496278
-0.257252
-0.148955
-0.155627
-0.40176
0.289214
0.158325
0.193669
-0.21321
-0.5435
-0.0653272
-0.106173
-0.501198
-0.405697
-0.493118
0.249613
-0.0676326
-0.307074
0.298174
0.394257
0.0882386
0.0100681
-0.0906962
0.0199463
0.0992341
0.00613844
-0.223617
0.0430964
-0.271861
0.044877
-0.083919
-0.329933
0.35552
-0.212671
-0.340333
0.0885264
-0.290224
0.312479
-0.195753
0.047036
-0.140423
0.0400602
0.108173
0.141947
-0.45305
-0.221435
0.173278
0.192086
0.490286
0.394175
-0.416278
-0.247252
0.401045
0.314373
0.46824
-0.130786
0.368325
0.163669
0.45679
0.0865005
0.294673
0.123827
-0.0911979
-0.415697
0.0168815
0.109613
0.472367
-0.227074
-0.301826
0.364257
-0.301761
0.0600681
-0.0906962
-0.220054
-0.140766
-0.323862
-0.443617
-0.266904
0.208139
-0.285123
-0.293919
0.500067
0.0455204
0.347329
-0.0103332
-0.0514736
0.0297757
-0.317521
0.374247
-0.382964
-0.000423205
0.28006
-0.0618272
-0.0680533
-0.0330503
0.458565
0.203278
0.542086
-0.469714
0.0841751
-0.286278
0.102748
-0.0689545
0.274373
0.45824
-0.290786
-0.021675
-0.226331
-0.0632103
0.0665005
-0.0953272
0.413827
-0.381198
0.254303
0.186882
0.499613
0.332367
0.0329258
-0.241826
0.044257
0.428239
-0.259932
-0.330696
0.249946
-0.310766
-0.483862
0.336383
-0.296904
0.358139
0.484877
0.456081
-0.369933
0.41552
0.497329
0.449667
-0.101474
-0.200224
-0.107521
-0.425753
0.497036
0.329577
0.0200602
0.388173
-0.158053
0.17695
0.0185655
0.203278
-0.237914
0.270286
-0.0558249
0.0737216
0.332748
-0.388955
-0.0556273
-0.22176
0.459214
0.148325
0.0836687
-0.17321
0.1965
-0.195327
-0.266173
0.168802
0.164303
0.156882
0.419613
0.242367
0.562926
0.0781739
-0.505743
0.198239
-0.289932
-0.150696
0.0699463
-0.0807659
0.0561384
-0.323617
-0.206904
-0.401861
0.344877
-0.073919
-0.319933
-0.27448
0.377329
0.459667
-0.181474
0.519776
-0.167521
0.194247
-0.132964
-0.250423
0.20006
-0.271827
-0.378053
0.40695
0.318565
0.0832783
-0.00791426
0.230286
-0.155825
0.373722
0.482748
0.241045
0.304373
-0.25176
-0.270786
0.458325
-0.386331
-0.0232103
-0.5135
-0.225327
-0.316173
-0.211198
-0.145697
0.386882
0.0496134
0.00236742
-0.117074
0.338174
-0.225743
0.0482386
0.270068
0.279304
-0.120054
0.429234
-0.253862
0.186383
-0.226904
-0.201861
-0.345123
-0.123919
-0.0599329
-0.38448
-0.392671
0.349667
-0.281474
0.339776
-0.307521
0.474247
0.247036
-0.230423
0.18006
0.288173
0.151947
0.17695
0.108565
-0.176722
0.412086
0.0802857
0.0241751
-0.116278
-0.427252
-0.168955
-0.0156273
-0.23176
0.329214
-0.101675
0.0836687
0.17679
0.4265
-0.465327
0.313827
-0.491198
0.294303
0.286882
0.109613
-0.437633
0.182926
-0.141826
-0.505743
-0.221761
0.230068
0.0393038
0.299946
0.379234
0.0261384
-0.143617
0.513096
-0.251861
0.204877
0.466081
-0.459933
-0.54448
0.327329
-0.170333
-0.331474
-0.310224
0.132479
0.0142475
0.547036
0.0195768
0.49006
-0.0918272
-0.238053
-0.13305
0.208565
-0.326722
-0.227914
-0.369714
0.204175
-0.126278
-0.0272521
-0.148955
0.0843727
-0.35176
0.0592138
-0.011675
-0.176331
0.47679
0.1265
0.234673
0.0838267
-0.441198
-0.0556974
-0.293118
0.359613
-0.307633
-0.317074
-0.341826
0.444257
0.0482386
-0.139932
0.319304
0.439946
0.379234
-0.133862
0.346383
-0.316904
-0.411861
0.484877
0.066081
0.410067
0.0155204
0.137329
0.349667
0.148526
-0.240224
0.462479
0.164247
0.267036
-0.410423
-0.47994
0.328173
0.371947
0.23695
-0.131435
-0.0167217
0.442086
-0.409714
-0.145825
-0.306278
0.512748
-0.248955
0.304373
0.21824
0.329214
0.388325
-0.526331
0.34679
0.2465
0.334673
0.133827
0.438802
-0.125697
-0.383118
0.529613
-0.0576326
0.252926
0.148174
-0.495743
0.148239
0.240068
0.0393038
0.459946
0.119234
0.446138
-0.243617
-0.376904
0.0381386
-0.085123
0.306081
-0.00993291
0.0255204
-0.372671
0.0396668
0.288526
-0.420224
-0.357521
-0.295753
0.217036
0.449577
-0.27994
-0.201827
0.521947
0.11695
0.248565
-0.176722
-0.277914
0.380286
-0.215825
0.193722
0.382748
0.381045
-0.145627
-0.33176
-0.510786
0.018325
0.353669
0.39679
-0.1635
-0.0153272
0.00382669
0.0488021
0.424303
0.236882
-0.320387
0.0823674
0.432926
-0.0518261
-0.5
0.3
-0.19
-0.18
-0.14
0.43
-0.18
-0.32
-0.46
0.21
0.38
0.4
-0.45
-0.21
-0.28
-0.05
-0.26
0.31
-0.42
-0.09
-0.5
-0.25
-0.02
-0.45
0.02
0.35
0.37
-0.29
0.2
0.22
0.21
-0.37
-0.03
0.24
0.22
0.5
-0.5
-0.48
-0.05
0.37
0.36
0.42
0.24
0
0.48
0.49
-0.34
0.21
-0.34
0.01
0.391994
-1.2901
0.712678
-0.7548
-1.42095
-0.202115
0.772677
-1.75967
0.430056
1.47267
-1.14865
0.788527
0.29599
0.197617
1.24772
-0.0602729
-1.16123
-1.10256
-2.6845
0.716474
1.8887
-0.137214
-0.731726
-1.18737
0.548417
0.211297
-1.19731
-0.0846657
0.357344
-1.14874
-0.276099
-0.587387
0.821794
-1.00077
0.406043
-0.638001
0.561088
2.28042
-1.38769
-1.67941
-0.743604
0.0486162
-1.26871
-1.48602
2.15246
-0.332963
0.44289
-0.129927
-0.23857
0.719554
0.308153
1.06537
-1.57024
-1.13975
0.762767
0.608212
-0.0101678
0.121913
-1.41763
0.0153592
-0.582777
-0.339581
-1.16652
0.834418
-0.37694
-1.12029
-0.366246
-0.0675897
0.481339
-0.0240383
-0.517004
0.576417
1.09854
-0.570143
0.511821
-0.251872
-0.58744
-2.00497
-1.10885
-0.0621846
-0.095935
0.790089
-0.511629
-0.905713
-1.04948
-1.5209
2.65548
0.303021
0.163867
-0.779333
-0.824611
1.26189
-0.12699
-1.63424
0.445114
2.08726
0.958447
-0.256421
-1.63143
-1.21756
-0.397018
-0.255292
-1.39998
-2.42412
0.0548001
0.555157
0.145532
0.666795
-1.18304
1.71041
1.59572
0.90092
-0.327417
-1.6953
-0.670751
-3.28426
1.10368
0.735326
-0.599036
0.758646
0.254354
1.53716
0.637419
1.23819
-1.34312
-1.05054
-0.945053
-2.06693
-0.665757
-0.885353
-1.21088
0.940812
2.42368
0.606888
-1.3563
-0.44598
0.824494
0.673524
-3.00233
-1.67813
-2.27348
-0.411286
-0.131127
-0.236166
-0.0934107
-0.0942639
-0.365953
-0.194819
0.770861
0.628648
-1.36683
1.96181
0.425375
-0.37262
-1.10242
-1.24753
-1.73561
0.628215
1.90249
-0.354127
0.624548
-0.236687
-1.49037
0.00599077
-0.637569
3.04034
-0.762866
-1.2894
-0.623844
-0.261955
-0.290647
1.54606
-0.897597
0.13816
0.0589658
1.31692
1.14865
0.520815
-2.04236
-1.32606
-1.6108
-1.37473
1.79203
-0.111606
-0.382634
-0.805245
-0.578499
0.268825
1.55749
1.39588
1.62
-1.16889
-0.494113
-0.145867
-1.06124
1.19871
-1.60555
0.336018
-0.132072
-1.32135
-3.38173
-1.46376
-1.00614
-0.544253
0.718797
1.36672
0.287684
1.19475
-0.120654
1.60843
0.177536
0.00225399
0.0650417
-0.159476
-0.246694
0.417228
-0.170899
-0.13319
-0.849303
-0.2873
0.966978
-0.54608
-0.616849
-0.461724
0.485418
-0.891781
0.48017
-0.243239
0.898587
-1.21309
-0.843681
-0.249671
1.56536
1.69216
0.757138
-2.04014
-1.04871
-0.00438794
-1.33324
-0.250368
-2.29431
0.728131
-0.82075
0.966527
0.633173
0.682334
0.290957
-0.0378745
-0.146147
-1.88788
2.31641
-0.693423
-0.445785
-0.318948
-1.3692
0.597367
-2.39669
0.0363075
0.438125
1.21783
-1.37766
0.394447
-1.05674
1.1638
-0.998117
-1.89095
1.48381
0.0893988
1.94662
-0.94355
-0.0539576
-0.574237
0.5194
1.0367
-0.794875
0.359166
0.169098
0.816894
-0.268373
-1.13203
1.74396
-0.789318
-0.817678
0.883607
-1.26215
-0.404182
0.211769
-0.966652
0.895212
-0.187605
0.334831
-0.798817
-0.588184
-0.0158123
0.292351
-0.732441
1.12543
-0.21434
0.742245
0.202443
1.4074
-0.992442
0.554215
0.987527
0.830723
-1.94599
-0.0860688
-1.90077
1.10199
-1.34243
0.16999
-0.0869455
0.402512
-1.2398
0.935659
-1.03019
0.247652
1.25949
0.562472
-2.26218
-0.122169
0.762708
-1.83371
0.41213
-1.32808
0.622654
0.63486
0.987248
-1.41557
1.27636
-0.320491
-0.0104907
-1.91645
-0.761459
-0.187284
1.78451
1.29083
-0.088608
-2.37091
-1.30507
0.0864507
-2.79271
-1.78149
2.3205
-0.53501
0.910098
-0.514703
-0.12577
-0.215465
0.206222
-1.3619
-0.727648
1.36165
-1.25782
-0.236567
0.722514
1.31647
-0.581437
-0.591155
-0.631616
0.18617
1.92481
-0.285562
-2.16564
-0.276329
0.869929
-1.3389
-1.00557
-0.994477
1.31946
-0.736377
0.0887838
-0.162019
0.358678
-0.255414
-0.731346
-0.589388
-1.89185
1.52682
0.874891
0.153565
-0.51617
1.74429
-0.653155
-1.2829
-0.506797
-0.720587
-1.1694
2.239
-1.00735
-0.576913
-2.35156
-1.12958
1.38473
0.691475
-0.413797
0.1931
-0.9789
0.491433
0.565756
0.955557
-0.556895
2.65814
-2.12856
1.57145
-0.949685
-1.70257
1.0655
-0.729467
0.925925
-0.100313
-0.851969
-0.293647
0.263537
1.36026
0.28176
-1.61066
-0.64943
0.196691
-0.8577
1.04228
0.410657
0.743
0.440437
-2.12511
-0.432675
-1.19667
0.710076
0.328232
0.292895
0.415317
0.00627648
-0.615557
-1.05126
-0.663005
-0.565123
0.12532
1.25074
-1.72245
1.68271
1.47327
-0.503568
-1.12073
-2.15851
-0.152899
0.447215
0.496374
-2.16267
1.93983
0.414157
-0.410259
-1.30534
0.365306
0.392283
-0.0572088
1.20292
-2.22039
0.156951
-0.161353
-0.487809
0.558003
-1.19499
0.851271
0.488457
-0.0566995
-0.635825
-0.384346
1.28854
-0.832702
-0.737649
-0.0678677
-1.71006
0.675624
-1.47401
-0.49916
-0.488581
0.293911
0.429427
0.951774
1.16394
0.614138
-0.0307159
1.12841
-0.385772
-0.281237
-0.880404
-0.691382
-0.354594
-0.349438
0.210434
-2.03379
2.03449
-0.867319
1.49361
-0.550585
0.291834
-0.795205
0.152398
-0.414759
-1.0736
-0.37
0.1
-0.49
0.18
-0.07
-0.42
-0.06
-0.44
0.19
-0.35
